5000 0.09329600 1302.400 0.70 0.03702918 10000 3970
5000 0.14981000 1660.500 0.80 0.05854575 10000 3914
5000 0.00039553 228.120 0.20 0.00015999 10000 4045
5000 0.00397040 347.480 0.30 0.00157545 10000 3973
5000 0.02701500 729.450 0.50 0.01063851 10000 3942
5000 0.05323600 992.060 0.60 0.02112404 10000 3970
5500 0.06092900 1432.600 0.70 0.02307991 10000 3794
5500 0.09850300 1826.500 0.80 0.03837677 10000 3898
5500 0.14727000 2272.900 0.90 0.05824529 10000 3957
5500 0.00240910 382.230 0.30 0.00094581 10000 3928
5500 0.00731600 566.060 0.40 0.00286787 10000 3922
5500 0.01720900 802.400 0.50 0.00677174 10000 3940
6000 0.00000332 187.800 0.10 0.00000137 10000 4110
6000 0.10151000 2479.600 0.90 0.03931482 10000 3874
6000 0.00157920 416.980 0.30 0.00061857 10000 3919
6000 0.00485890 617.520 0.40 0.00190469 10000 3923
6000 0.01161500 875.350 0.50 0.00460302 10000 3967
6500 0.01648500 1289.600 0.60 0.00646542 10000 3927
6500 0.02956300 1693.100 0.70 0.01161826 10000 3935
6500 0.00000125 203.450 0.10 0.00000050 10000 3994
6500 0.04815100 2158.600 0.80 0.01927003 10000 4007
6500 0.07260800 2686.200 0.90 0.02815738 10000 3879
6500 0.10262000 3275.900 1.00 0.04066831 10000 3967
6500 0.00340380 668.980 0.40 0.00131012 10000 3852
6500 0.00813730 948.290 0.50 0.00322400 10000 3965
7000 0.01203000 1388.800 0.60 0.00469771 10000 3908
7000 0.02158300 1823.300 0.70 0.00835694 10000 3875
7000 0.00000048 219.100 0.10 0.00000020 10000 4146
7000 0.03520500 2324.700 0.80 0.01400103 10000 3983
7000 0.05336600 2892.900 0.90 0.02043918 10000 3835
7000 0.00002113 319.370 0.20 0.00000872 10000 4126
7000 0.07527900 3527.900 1.00 0.02958465 10000 3933
7000 0.00078746 486.480 0.30 0.00030679 10000 3902
7000 0.00246250 720.440 0.40 0.00097096 10000 3947
7500 0.00900740 1488.000 0.60 0.00352189 10000 3915
7500 0.00000020 234.750 0.10 0.00000008 10000 4035
7500 0.02642000 2490.700 0.80 0.01040420 10000 3942
7500 0.00001194 342.180 0.20 0.00000487 10000 4084
7500 0.00183700 771.900 0.40 0.00071441 10000 3891
8000 0.00339090 1167.100 0.50 0.00132855 10000 3921
8000 0.00687980 1587.300 0.60 0.00264941 10000 3855
8000 0.01239600 2083.800 0.70 0.00474891 10000 3837
8000 0.00000008 250.400 0.10 0.00000003 10000 4089
8000 0.02025100 2656.800 0.80 0.00789789 10000 3909
8000 0.03074000 3306.100 0.90 0.01205930 10000 3927
8000 0.00000706 364.990 0.20 0.00000284 10000 4020
8000 0.04360700 4031.900 1.00 0.01707214 10000 3923
8000 0.00044654 555.980 0.30 0.00017518 10000 3925
8000 0.00140640 823.360 0.40 0.00055286 10000 3937
5000 0.00002457 156.500 0.10 0.00000999 10000 4068
5000 0.22224000 2066.300 0.90 0.08627357 10000 3883
5000 0.31096000 2519.900 1.00 0.12043481 10000 3876
5000 0.01168400 514.600 0.40 0.00462336 10000 3960
5500 0.03434400 1091.200 0.60 0.01347659 10000 3925
5500 0.00000898 172.150 0.10 0.00000367 10000 4088
5500 0.00017132 250.930 0.20 0.00006933 10000 4047
5500 0.20710000 2771.900 1.00 0.07958853 10000 3846
6000 0.02335900 1190.400 0.60 0.00916140 10000 3926
6000 0.04163800 1562.900 0.70 0.01598899 10000 3842
6000 0.06770900 1992.600 0.80 0.02628463 10000 3884
6000 0.00007940 273.740 0.20 0.00003213 10000 4047
6000 0.14329000 3023.900 1.00 0.05658522 10000 3952
6500 0.00003951 296.550 0.20 0.00001584 10000 4009
6500 0.00108810 451.730 0.30 0.00042915 10000 3949
7000 0.00591950 1021.200 0.50 0.00236898 10000 4006
7500 0.00443710 1094.100 0.50 0.00175532 10000 3957
7500 0.01621300 1953.600 0.70 0.00632793 10000 3910
7500 0.03998700 3099.500 0.90 0.01569890 10000 3931
7500 0.05662900 3779.900 1.00 0.02227219 10000 3943
7500 0.00058590 521.230 0.30 0.00022704 10000 3877
1000 35.37400000 102.840 0.40 14.33354480 10000 4052
1000 61.74600000 145.780 0.50 25.04417760 10000 4059
1000 95.07400000 198.250 0.60 37.82043720 10000 3978
1000 135.25000000 260.260 0.70 53.95122500 10000 3989
1000 0.42972000 31.296 0.10 0.17816191 10000 4146
1000 181.24000000 331.810 0.80 71.49918000 10000 3945
1000 232.21000000 412.910 0.90 92.67501100 10000 3994
1000 4.77880000 45.606 0.20 1.98272412 10000 4149
1000 285.68000000 503.540 1.00 111.64374400 10000 3909
1000 16.37100000 69.457 0.30 6.60897270 10000 4037
1100 24.05100000 113.150 0.40 9.62521020 10000 4003
1100 42.14200000 160.390 0.50 16.92844140 10000 4017
1100 65.23800000 218.130 0.60 26.42139000 10000 4050
1100 93.05600000 286.360 0.70 37.48295680 10000 4030
1100 0.28996000 34.427 0.10 0.11798472 10000 4069
1100 125.27000000 365.100 0.80 50.17063500 10000 4008
1100 160.64000000 454.320 0.90 65.10739200 10000 4055
1100 3.23290000 50.173 0.20 1.32581229 10000 4101
1100 198.70000000 554.050 1.00 77.91027000 10000 3922
1100 11.10800000 76.417 0.30 4.59982280 10000 4141
1200 16.80700000 123.460 0.40 6.99675410 10000 4164
1200 29.52800000 175.000 0.50 12.13896080 10000 4112
1200 45.85900000 238.000 0.60 18.46741930 10000 4028
1200 65.70400000 312.450 0.70 26.88607680 10000 4094
1200 0.20057000 37.558 0.10 0.08317638 10000 4147
1200 88.70300000 398.360 0.80 36.31500820 10000 4095
1200 114.34000000 495.720 0.90 45.96468000 10000 4021
1200 2.23910000 54.739 0.20 0.91646363 10000 4093
1200 141.63000000 604.530 1.00 56.04299100 10000 3958
1200 7.72810000 83.374 0.30 3.16079290 10000 4090
1300 11.99200000 133.760 0.40 4.87234960 10000 4063
1300 21.13300000 189.600 0.50 8.44686010 10000 3998
1300 32.98000000 257.860 0.60 13.32392000 10000 4041
1300 47.39400000 338.530 0.70 19.19930940 10000 4051
1300 0.14161000 40.688 0.10 0.05937707 10000 4193
1300 64.33100000 431.600 0.80 25.66806900 10000 3992
1300 83.19700000 537.090 0.90 33.07080750 10000 3977
1300 1.58330000 59.303 0.20 0.64804469 10000 4093
1300 103.28000000 654.980 1.00 40.68199200 10000 3942
1300 5.49380000 90.328 0.30 2.22773590 10000 4055
1400 8.71020000 144.060 0.40 3.48146694 10000 4000
1400 15.41500000 204.200 0.50 6.09663250 10000 3957
1400 24.12400000 277.720 0.60 9.88119040 10000 4096
1400 34.89400000 364.590 0.70 14.20185800 10000 4073
1400 0.10177000 43.819 0.10 0.04215313 10000 4142
1400 47.42900000 464.840 0.80 19.57394830 10000 4129
1400 61.64300000 578.450 0.90 24.29350630 10000 3945
1400 1.13950000 63.867 0.20 0.46753685 10000 4103
1400 76.89800000 705.420 1.00 29.97484040 10000 3901
1400 3.97620000 97.282 0.30 1.65608730 10000 4165
1500 2.92200000 104.230 0.30 1.20444840 10000 4122
1500 6.41970000 154.350 0.40 2.54284317 10000 3963
1500 11.41800000 218.800 0.50 4.55235660 10000 3987
1500 17.95900000 297.570 0.60 7.09919270 10000 3956
1500 26.08600000 390.660 0.70 10.57526440 10000 4055
1500 0.07415400 46.949 0.10 0.02986182 10000 4027
1500 35.64400000 498.070 0.80 14.28967960 10000 4010
1500 46.39000000 619.800 0.90 18.69517000 10000 4030
1500 0.83272000 68.431 0.20 0.34058248 10000 4090
1500 58.15900000 755.850 1.00 22.93209370 10000 3943
1600 2.17490000 111.180 0.30 0.86039044 10000 3956
1600 4.80020000 164.650 0.40 1.91911996 10000 3998
1600 8.57280000 233.400 0.50 3.33053280 10000 3886
1600 13.55200000 317.420 0.60 5.27850400 10000 3895
1600 19.77600000 416.720 0.70 7.47532800 10000 3782
1600 0.05477200 50.079 0.10 0.02247843 10000 4104
1600 27.13800000 531.290 0.80 9.59871060 10000 3541
1600 35.51600000 661.140 0.90 12.45546120 10000 3508
1600 0.61609000 72.994 0.20 0.20749911 10000 3368
1600 44.63500000 806.270 1.00 14.81882000 10000 3322
1700 1.63910000 118.130 0.30 0.67006408 10000 4090
1700 3.62980000 174.950 0.40 1.47551370 10000 4065
1700 6.51450000 247.990 0.50 2.67094500 10000 4102
1700 10.35400000 337.270 0.60 4.11778580 10000 3979
1700 15.18000000 442.770 0.70 6.11450400 10000 4032
1700 0.04090100 53.209 0.10 0.01694528 10000 4143
1700 20.95300000 564.510 0.80 8.38120000 10000 4003
1700 27.54000000 702.490 0.90 11.06832600 10000 4022
1700 0.46112000 77.557 0.20 0.18578525 10000 4029
1700 34.73200000 856.690 1.00 13.66356880 10000 3938
1800 1.24800000 125.080 0.30 0.51417600 10000 4121
1800 2.77660000 185.240 0.40 1.14395920 10000 4120
1800 5.01240000 262.580 0.50 2.03904432 10000 4068
1800 8.00590000 357.110 0.60 3.21757121 10000 4021
1800 11.78800000 468.830 0.70 4.73877600 10000 4022
1800 0.03083300 56.340 0.10 0.01261686 10000 4092
1800 16.35100000 597.730 0.80 6.41613240 10000 3926
1800 21.59100000 743.820 0.90 8.65151370 10000 4009
1800 0.34836000 82.120 0.20 0.14265342 10000 4095
1800 27.34000000 907.100 1.00 10.68720600 10000 3911
1900 0.95896000 132.030 0.30 0.39662586 10000 4137
1900 2.14690000 195.530 0.40 0.85403682 10000 3979
1900 3.89070000 277.170 0.50 1.57534443 10000 4052
1900 6.25070000 376.960 0.60 2.51153126 10000 4018
1900 9.25580000 494.880 0.70 3.79672916 10000 4103
1900 0.02343200 59.470 0.10 0.00957432 10000 4086
1900 12.89200000 630.950 0.80 5.04463960 10000 3913
1900 17.11300000 785.160 0.90 6.92563110 10000 4050
1900 0.26548000 86.683 0.20 0.10882025 10000 4099
1900 21.71700000 957.510 1.00 8.65856790 10000 3989
3000 2.21830000 1239.800 0.90 0.88754183 10000 4006
3000 0.01936700 136.870 0.20 0.00802181 10000 4142
3000 2.94730000 1511.900 1.00 1.12911063 10000 3833
3000 0.08192900 208.490 0.30 0.03259136 10000 3978
3000 0.19806000 308.750 0.40 0.08035294 10000 4058
3000 0.38942000 437.670 0.50 0.15763722 10000 4049
3000 0.67502000 595.230 0.60 0.27007550 10000 4003
3000 1.07130000 781.440 0.70 0.42830574 10000 4000
3000 0.00162950 93.901 0.10 0.00066793 10000 4099
3000 1.58940000 996.290 0.80 0.62256798 10000 3923
3100 1.36190000 1029.500 0.80 0.54053811 10000 3969
3100 1.90930000 1281.100 0.90 0.75837396 10000 3975
3100 0.01561100 141.430 0.20 0.00630997 10000 4042
3100 2.54780000 1562.300 1.00 0.99083942 10000 3890
3100 0.06749200 215.440 0.30 0.02662559 10000 3947
3100 0.16501000 319.050 0.40 0.06644953 10000 4030
3100 0.32710000 452.260 0.50 0.13113439 10000 4010
3100 0.57122000 615.070 0.60 0.22597463 10000 3960
3100 0.91413000 807.490 0.70 0.36665754 10000 4015
3100 0.00130500 97.031 0.10 0.00052148 10000 3996
3200 0.00104680 100.160 0.10 0.00042458 10000 4056
3200 1.17060000 1062.700 0.80 0.46320642 10000 3957
3200 1.64990000 1322.400 0.90 0.65105054 10000 3948
3200 0.01262000 145.990 0.20 0.00516032 10000 4089
3200 2.20810000 1612.700 1.00 0.88014866 10000 3989
3200 0.05585200 222.390 0.30 0.02222910 10000 3982
3200 0.13776000 329.340 0.40 0.05548973 10000 4031
3200 0.27556000 466.850 0.50 0.11162936 10000 4053
3200 0.48614000 634.910 0.60 0.19426154 10000 3999
3200 0.78244000 833.540 0.70 0.29646652 10000 3793
3300 0.00084194 103.290 0.10 0.00034292 10000 4073
3300 0.00084181 103.290 0.10 0.00033950 10000 4033
3300 1.43670000 1363.700 0.90 0.56275539 10000 3923
3300 0.01022900 150.560 0.20 0.00414684 10000 4054
3300 1.92480000 1663.100 1.00 0.74278032 10000 3863
3300 0.04650500 229.340 0.30 0.01869966 10000 4023
3300 0.11573000 339.630 0.40 0.04601425 10000 3978
3300 0.23413000 481.440 0.50 0.09419050 10000 4023
3300 0.41640000 654.750 0.60 0.17176500 10000 4128
4000 0.26503000 1041.900 0.70 0.10418329 10000 3936
3300 0.67270000 859.580 0.70 0.26591831 10000 3954
4000 0.00019059 125.200 0.10 0.00007839 10000 4113
3400 0.00067820 106.420 0.10 0.00028105 10000 4144
4000 0.41252000 1328.400 0.80 0.16290415 10000 3952
3400 0.88053000 1129.100 0.80 0.35300448 10000 4011
4000 0.59905000 1653.000 0.90 0.23422855 10000 3917
3400 1.25460000 1405.100 0.90 0.49744890 10000 3966
3400 0.00830900 155.120 0.20 0.00340087 10000 4093
4000 0.00249600 182.490 0.20 0.00102660 10000 4113
3400 1.68890000 1713.500 1.00 0.67285776 10000 3986
4000 0.82146000 2015.900 1.00 0.32414812 10000 3948
4000 0.01452900 277.990 0.30 0.00577964 10000 3979
3400 0.03884400 236.290 0.30 0.01525015 10000 3926
4000 0.03892600 411.670 0.40 0.01532127 10000 3940
3400 0.09778200 349.920 0.40 0.03879012 10000 3968
4000 0.08399300 583.560 0.50 0.03360560 10000 4005
3400 0.19951000 496.030 0.50 0.07960449 10000 3992
4000 0.15723000 793.650 0.60 0.06213730 10000 3955
3400 0.35689000 674.600 0.60 0.14207791 10000 3988
3400 0.58227000 885.630 0.70 0.22859920 10000 3929
4100 0.23509000 1067.900 0.70 0.09464723 10000 4027
3500 0.00054695 109.550 0.10 0.00022698 10000 4150
4100 0.00015475 128.330 0.10 0.00006394 10000 4132
3500 0.76967000 1162.300 0.80 0.30217244 10000 3931
4100 0.36812000 1361.600 0.80 0.14743206 10000 4009
3500 1.09800000 1446.400 0.90 0.43107480 10000 3927
4100 0.53598000 1694.400 0.90 0.21192649 10000 3960
4100 0.00205800 187.050 0.20 0.00084152 10000 4089
3500 0.00676120 159.680 0.20 0.00274437 10000 4059
4100 0.73547000 2066.300 1.00 0.29345253 10000 3993
3500 1.48410000 1763.900 1.00 0.58844565 10000 3969
4100 0.01252000 284.930 0.30 0.00491160 10000 3925
3500 0.03263700 243.240 0.30 0.01297647 10000 3979
4100 0.03391100 421.970 0.40 0.01381195 10000 4073
3500 0.08283600 360.210 0.40 0.03315097 10000 4004
4100 0.07366600 598.150 0.50 0.02881814 10000 3916
3500 0.17051000 510.610 0.50 0.06779478 10000 3978
4100 0.13868000 813.490 0.60 0.05437643 10000 3928
3500 0.30769000 694.440 0.60 0.12341446 10000 4016
4200 0.20977000 1094.000 0.70 0.08250254 10000 3933
3500 0.50541000 911.680 0.70 0.20150697 10000 3990
4200 0.00012582 131.460 0.10 0.00005230 10000 4157
3600 0.00044200 112.680 0.10 0.00018020 10000 4077
4200 0.32911000 1394.800 0.80 0.12907694 10000 3924
3600 0.67290000 1195.500 0.80 0.26256558 10000 3904
4200 0.48083000 1735.700 0.90 0.19319749 10000 4024
3600 0.96421000 1487.700 0.90 0.37883811 10000 3934
4200 0.00169940 191.620 0.20 0.00068435 10000 4027
3600 0.00551920 164.240 0.20 0.00224466 10000 4067
4200 0.66265000 2116.700 1.00 0.26108410 10000 3942
3600 1.30810000 1814.300 1.00 0.51565302 10000 3947
4200 0.01082900 291.880 0.30 0.00425471 10000 3931
3600 0.02750300 250.190 0.30 0.01117172 10000 4062
4200 0.02968000 432.260 0.40 0.01197588 10000 4036
3600 0.07059000 370.510 0.40 0.02837718 10000 4021
4200 0.06488200 612.740 0.50 0.02553756 10000 3939
3600 0.14660000 525.200 0.50 0.05698342 10000 3889
4200 0.12319000 833.330 0.60 0.04948542 10000 4018
3600 0.26747000 714.280 0.60 0.10442029 10000 3905
4300 0.18749000 1120.000 0.70 0.07345858 10000 3920
3600 0.44105000 937.730 0.70 0.17571432 10000 3986
4300 0.00010239 134.590 0.10 0.00004206 10000 4108
3700 0.00035753 115.810 0.10 0.00014720 10000 4117
4300 0.29513000 1428.000 0.80 0.11371359 10000 3855
3700 0.59235000 1228.700 0.80 0.22823246 10000 3858
4300 0.43288000 1777.000 0.90 0.16787086 10000 3881
3700 0.85143000 1529.100 0.90 0.33597428 10000 3948
3700 0.00451380 168.810 0.20 0.00182448 10000 4042
4300 0.00140500 196.180 0.20 0.00056326 10000 4009
3700 1.15830000 1864.700 1.00 0.45416943 10000 3924
4300 0.59798000 2167.100 1.00 0.23739806 10000 3976
3700 0.02330500 257.140 0.30 0.00934064 10000 4009
4300 0.00941330 298.830 0.30 0.00369849 10000 3932
3700 0.06043500 380.800 0.40 0.02400478 10000 3973
4300 0.02602400 442.550 0.40 0.01029249 10000 3956
3700 0.12671000 539.790 0.50 0.05035455 10000 3975
4300 0.05754300 627.330 0.50 0.02294239 10000 3988
3700 0.23206000 734.120 0.60 0.09110676 10000 3929
4300 0.10954000 853.170 0.60 0.04410080 10000 4028
3700 0.38571000 963.780 0.70 0.15335830 10000 3977
4400 0.16830000 1146.100 0.70 0.06721902 10000 4002
3800 0.00028957 118.940 0.10 0.00011707 10000 4043
4400 0.00008335 137.720 0.10 0.00003465 10000 4157
3800 0.52321000 1261.900 0.80 0.20452279 10000 3916
4400 0.26552000 1461.200 0.80 0.10506626 10000 3958
4400 0.39088000 1818.300 0.90 0.15756373 10000 4035
3800 0.75430000 1570.400 0.90 0.29161238 10000 3866
4400 0.00116550 200.740 0.20 0.00048193 10000 4135
3800 0.00369620 173.370 0.20 0.00153429 10000 4151
4400 0.53974000 2217.500 1.00 0.20839361 10000 3865
3800 1.02990000 1915.100 1.00 0.40567761 10000 3941
3800 0.01977600 264.090 0.30 0.00809432 10000 4094
4400 0.00822700 305.780 0.30 0.00324637 10000 3946
3800 0.05194600 391.090 0.40 0.02072126 10000 3991
4400 0.02297400 452.840 0.40 0.00923325 10000 4023
3800 0.11007000 554.380 0.50 0.04352168 10000 3955
4400 0.05100400 641.920 0.50 0.01996807 10000 3921
3800 0.20308000 753.960 0.60 0.08039937 10000 3962
4400 0.09804500 873.010 0.60 0.03787478 10000 3867
4500 0.15171000 1172.100 0.70 0.05987994 10000 3951
3800 0.33867000 989.830 0.70 0.13451972 10000 3974
4500 0.00006795 140.850 0.10 0.00002809 10000 4134
3900 0.29872000 1015.800 0.70 0.11614234 10000 3889
4500 0.24000000 1494.400 0.80 0.09381600 10000 3911
3900 0.00023487 122.070 0.10 0.00009632 10000 4101
4500 0.35462000 1859.700 0.90 0.14362110 10000 4055
3900 0.46322000 1295.100 0.80 0.18389834 10000 3971
4500 0.00096862 205.300 0.20 0.00038464 10000 3971
3900 0.67046000 1611.700 0.90 0.26235100 10000 3917
4500 0.48966000 2267.900 1.00 0.19625573 10000 4015
3900 0.00303530 177.930 0.20 0.00125176 10000 4124
4500 0.00721000 312.730 0.30 0.00288400 10000 4002
3900 0.91700000 1965.500 1.00 0.36065610 10000 3935
3900 0.01690500 271.040 0.30 0.00672481 10000 3981
4500 0.02032900 463.140 0.40 0.00799336 10000 3935
4500 0.04561700 656.510 0.50 0.01774501 10000 3895
3900 0.04491700 401.380 0.40 0.01830817 10000 4077
3900 0.09566400 568.970 0.50 0.03765335 10000 3936
4500 0.08763000 892.850 0.60 0.03429838 10000 3923
3900 0.17814000 773.800 0.60 0.07152321 10000 4017
4600 0.13702000 1198.200 0.70 0.05415030 10000 3955
4600 0.00005534 143.980 0.10 0.00002249 10000 4065
4600 0.21740000 1527.600 0.80 0.08487296 10000 3910
4600 0.32101000 1901.000 0.90 0.12679895 10000 3953
4600 0.00080519 209.870 0.20 0.00032803 10000 4074
4600 0.44504000 2318.300 1.00 0.17605782 10000 3958
4600 0.00635160 319.680 0.30 0.00249046 10000 3926
4600 0.01809300 473.430 0.40 0.00721368 10000 3991
4600 0.04092900 671.100 0.50 0.01609738 10000 3936
4600 0.07908500 912.690 0.60 0.03085897 10000 3906
4700 0.12387000 1224.200 0.70 0.04995677 10000 4037
4700 0.00004514 147.110 0.10 0.00001799 10000 3986
4700 0.19677000 1560.800 0.80 0.07685836 10000 3911
4700 0.29223000 1942.300 0.90 0.11516784 10000 3943
4700 0.00067246 214.430 0.20 0.00027551 10000 4097
4700 0.40548000 2368.700 1.00 0.16028624 10000 3958
4700 0.00561450 326.630 0.30 0.00222166 10000 3959
4700 0.01612200 483.720 0.40 0.00634078 10000 3935
4700 0.03663900 685.690 0.50 0.01449805 10000 3960
4700 0.07129200 932.540 0.60 0.02831005 10000 3973
4800 0.11252000 1250.300 0.70 0.04473795 10000 3983
4800 0.00003683 150.240 0.10 0.00001487 10000 4036
4800 0.17935000 1594.000 0.80 0.07150684 10000 3990
4800 0.26593000 1983.700 0.90 0.10496257 10000 3954
4800 0.00056246 218.990 0.20 0.00023100 10000 4107
4800 0.37035000 2419.100 1.00 0.14551051 10000 3931
4800 0.00498100 333.580 0.30 0.00193263 10000 3886
4800 0.01447700 494.010 0.40 0.00566485 10000 3914
4800 0.03297000 700.280 0.50 0.01293083 10000 3924
4800 0.06441900 952.380 0.60 0.02533599 10000 3936
4900 0.10224000 1276.300 0.70 0.04048704 10000 3965
4900 0.00003007 153.370 0.10 0.00001202 10000 3996
4900 0.16384000 1627.300 0.80 0.06525747 10000 3988
4900 0.24300000 2025.000 0.90 0.09542610 10000 3930
4900 0.00047111 223.550 0.20 0.00019113 10000 4057
4900 0.33869000 2469.500 1.00 0.13307130 10000 3938
4900 0.00444400 340.530 0.30 0.00173138 10000 3898
4900 0.01298100 504.300 0.40 0.00518980 10000 3999
4900 0.02977900 714.870 0.50 0.01192947 10000 4007
4900 0.05857000 972.220 0.60 0.02325815 10000 3973
2000 17.46500000 1007.900 1.00 6.91090050 10000 3958
2000 0.74288000 138.990 0.30 0.30718088 10000 4135
2000 1.67120000 205.830 0.40 0.67616752 10000 4046
2000 3.05060000 291.770 0.50 1.24830552 10000 4094
2000 4.92380000 396.800 0.60 1.98232188 10000 4028
2000 7.33410000 520.940 0.70 2.93437341 10000 4004
2000 0.01793900 62.600 0.10 0.00730476 10000 4072
2000 10.28800000 664.170 0.80 4.09050880 10000 3977
2000 13.69500000 826.500 0.90 5.43417600 10000 3970
2000 0.20398000 91.246 0.20 0.08454971 10000 4145
2100 14.15600000 1058.300 1.00 5.55056760 10000 3924
2100 0.58073000 145.940 0.30 0.23525372 10000 4051
2100 1.31210000 216.120 0.40 0.54412787 10000 4148
2100 2.40930000 306.360 0.50 0.96155163 10000 3993
2100 3.91660000 416.650 0.60 1.58543968 10000 4052
2100 5.86960000 546.990 0.70 2.36486184 10000 4029
2100 0.01383200 65.730 0.10 0.00570155 10000 4122
2100 8.25740000 697.380 0.80 3.29635408 10000 3994
2100 11.06000000 867.830 0.90 4.31671800 10000 3909
2100 0.15768000 95.809 0.20 0.06417576 10000 4070
2200 0.12266000 100.370 0.20 0.04962824 10000 4046
2200 11.56900000 1108.700 1.00 4.63338450 10000 4007
2200 0.45646000 152.890 0.30 0.18294917 10000 4009
2200 1.03780000 226.410 0.40 0.41937498 10000 4041
2200 1.91850000 320.950 0.50 0.77814360 10000 4057
2200 3.13740000 436.490 0.60 1.25245008 10000 3993
2200 4.73450000 573.040 0.70 1.91321145 10000 4041
2200 0.01072900 68.860 0.10 0.00440747 10000 4108
2200 6.69910000 730.600 0.80 2.61733837 10000 3909
2200 9.00630000 909.160 0.90 3.71419812 10000 4127

2300 0.09595100 104.930 0.20 0.03886015 10000 4050
2300 9.53920000 1159.100 1.00 3.83571232 10000 4022
2300 0.36161000 159.840 0.30 0.14587347 10000 4034
2300 0.82629000 236.710 0.40 0.32828502 10000 3973
2300 1.53760000 335.540 0.50 0.61627008 10000 4011
2300 2.53290000 456.330 0.60 1.02759753 10000 4057
2300 3.83890000 599.090 0.70 1.51982051 10000 3959
2300 0.00835420 71.990 0.10 0.00337760 10000 4043
2300 5.47070000 763.810 0.80 2.20742745 10000 4038
2300 7.39090000 950.490 0.90 2.90166734 10000 3930

2400 0.07546200 109.490 0.20 0.03066776 10000 4064
2400 7.91640000 1209.500 1.00 3.19743396 10000 4041
2400 0.28760000 166.790 0.30 0.11647800 10000 4051
2400 0.66290000 247.000 0.40 0.27855058 10000 4203
2400 1.24220000 350.130 0.50 0.50892934 10000 4099
2400 2.05890000 476.180 0.60 0.83138382 10000 4038
2400 3.14320000 625.140 0.70 1.25916592 10000 4009
2400 0.00654430 75.120 0.10 0.00268971 10000 4110
2400 4.49970000 797.020 0.80 1.81517898 10000 4036
2400 6.10620000 991.820 0.90 2.45102868 10000 4015

2500 5.08260000 1033.100 0.90 2.07319254 10000 4081
2500 0.05961000 114.050 0.20 0.02401091 10000 4028
2500 6.61690000 1259.900 1.00 2.65403859 10000 4011
2500 0.23040000 173.740 0.30 0.09416448 10000 4087
2500 0.53452000 257.290 0.40 0.21680131 10000 4057
2500 1.00910000 364.720 0.50 0.40727276 10000 4037
2500 1.68680000 496.020 0.60 0.66763544 10000 3958
2500 2.59050000 651.190 0.70 1.05174300 10000 4064
2500 0.00514900 78.250 0.10 0.00206269 10000 4006
2500 3.72450000 830.240 0.80 1.48719285 10000 3994

2600 4.25250000 1074.400 0.90 1.69759800 10000 3997
2600 0.04727200 118.620 0.20 0.01940516 10000 4105
2600 5.56480000 1310.300 1.00 2.22814592 10000 4004
2600 0.18524000 180.690 0.30 0.07583726 10000 4095
2600 0.43335000 267.580 0.40 0.17433670 10000 4023
2600 0.82449000 379.310 0.50 0.32641559 10000 3960
2600 1.38630000 515.860 0.60 0.56353095 10000 4065
2600 2.14360000 677.240 0.70 0.84565020 10000 3949
2600 0.00406330 81.380 0.10 0.00163345 10000 4020
2600 3.10950000 863.450 0.80 1.24037955 10000 3990



2700 3.58880000 1115.800 0.90 1.42008816 10000 3962
2700 0.03761300 123.180 0.20 0.01533858 10000 4078
2700 4.70860000 1360.700 1.00 1.90698300 10000 4053
2700 0.14998000 187.640 0.30 0.06047194 10000 4034
2700 0.35399000 277.880 0.40 0.14156060 10000 3999
2700 0.67830000 393.900 0.50 0.26677539 10000 3934
2700 1.14760000 535.700 0.60 0.45444960 10000 3961
2700 1.78780000 703.290 0.70 0.72191364 10000 4041
2700 0.00321940 84.511 0.10 0.00130901 10000 4066
2700 2.60390000 896.660 0.80 1.04676780 10000 4021



2800 3.03870000 1157.100 0.90 1.22611545 10000 4038
2800 0.03006400 127.740 0.20 0.01236532 10000 4113
2800 4.00580000 1411.100 1.00 1.60352174 10000 4006
2800 0.12203000 194.590 0.30 0.04853133 10000 3978
2800 0.28977000 288.170 0.40 0.11541539 10000 3988
2800 0.56081000 408.490 0.50 0.22409968 10000 3998
2800 0.95666000 555.540 0.60 0.38601231 10000 4036
2800 1.50120000 729.340 0.70 0.61008768 10000 4068
2800 0.00255840 87.641 0.10 0.00103487 10000 4045
2800 2.19890000 929.870 0.80 0.87626165 10000 3986



2900 2.58660000 1198.400 0.90 1.01317122 10000 3919
2900 0.02410600 132.310 0.20 0.00973641 10000 4039
2900 3.42800000 1461.500 1.00 1.38491200 10000 4047
2900 0.09979500 201.540 0.30 0.03955874 10000 3965
2900 0.23882000 298.460 0.40 0.09495483 10000 3976
2900 0.46575000 423.080 0.50 0.18522877 10000 3980
2900 0.80121000 575.390 0.60 0.32400932 10000 4046
2900 1.26540000 755.390 0.70 0.49198752 10000 3892
2900 0.00203910 90.771 0.10 0.00082686 10000 4055
2900 1.86370000 963.080 0.80 0.73690698 10000 3956


5100	2.06766e-05	159.63	0.1	8.40194e-06	10000	4000
5200	1.71342e-05	162.76	0.1	6.96339e-06	10000	4000
5300	1.39794e-05	165.89	0.1	5.68686e-06	10000	4000
5400	1.12491e-05	169.02	0.1	4.58489e-06	10000	4000
5600	7.18873e-06	175.28	0.1	2.94695e-06	10000	4000
5700	5.81128e-06	178.41	0.1	2.38946e-06	10000	4000
5800	4.76346e-06	181.54	0.1	1.9635e-06	10000	4000
5900	3.96109e-06	184.67	0.1	1.63502e-06	10000	4000
6100	2.7693e-06	190.93	0.1	1.13995e-06	10000	4000
6200	2.29133e-06	194.06	0.1	9.38617e-07	10000	4000
6300	1.8817e-06	197.19	0.1	7.65312e-07	10000	4000
6400	1.53605e-06	200.32	0.1	6.19337e-07	10000	4000
6600	1.01853e-06	206.58	0.1	4.05977e-07	10000	4000
6700	8.34045e-07	209.71	0.1	3.33431e-07	10000	4000
6800	6.88292e-07	212.84	0.1	2.77897e-07	10000	4000
6900	5.73026e-07	215.97	0.1	2.34909e-07	10000	4000
7100	4.02088e-07	222.23	0.1	1.69423e-07	10000	4000
7200	3.36651e-07	225.36	0.1	1.42297e-07	10000	4000
7300	2.8217e-07	228.49	0.1	1.1846e-07	10000	4000
7400	2.37126e-07	231.62	0.1	9.77486e-08	10000	4000
7600	1.69274e-07	237.88	0.1	6.50514e-08	10000	4000
7700	1.4343e-07	241.01	0.1	5.274e-08	10000	4000
7800	1.20949e-07	244.14	0.1	4.29028e-08	10000	4000
7900	1.00312e-07	247.27	0.1	3.53771e-08	10000	4000
5100	0.000339543	232.683	0.2	0.000139384	10000	4000
5200	0.000288871	237.245	0.2	0.000119386	10000	4000
5300	0.000243772	241.807	0.2	0.000100626	10000	4000
5400	0.000204502	246.368	0.2	8.37315e-05	10000	4000
5600	0.000144272	255.492	0.2	5.78533e-05	10000	4000
5700	0.000122562	260.054	0.2	4.89466e-05	10000	4000
5800	0.000105185	264.616	0.2	4.20582e-05	10000	4000
5900	9.11328e-05	269.178	0.2	3.66365e-05	10000	4000
6100	6.91338e-05	278.302	0.2	2.80817e-05	10000	4000
6200	6.0096e-05	282.863	0.2	2.44128e-05	10000	4000
6300	5.22024e-05	287.425	0.2	2.1139e-05	10000	4000
6400	4.53685e-05	291.987	0.2	1.82762e-05	10000	4000
6600	3.45364e-05	301.114	0.2	1.38312e-05	10000	4000
6700	3.03326e-05	305.678	0.2	1.21897e-05	10000	4000
6800	2.67777e-05	310.242	0.2	1.08408e-05	10000	4000
6900	2.37505e-05	314.806	0.2	9.70918e-06	10000	4000
7100	1.88114e-05	323.933	0.2	7.81089e-06	10000	4000
7200	1.67558e-05	328.495	0.2	6.97026e-06	10000	4000
7300	1.49404e-05	333.057	0.2	6.19918e-06	10000	4000
7400	1.33427e-05	337.619	0.2	5.49873e-06	10000	4000
7600	1.07097e-05	346.741	0.2	4.31407e-06	10000	4000
7700	9.62921e-06	351.303	0.2	3.83202e-06	10000	4000
7800	8.67584e-06	355.865	0.2	3.42494e-06	10000	4000
7900	7.82698e-06	360.427	0.2	3.09391e-06	10000	4000


5100	0.00358883	354.43	0.3	0.00141951	10000	4000
5200	0.00324272	361.38	0.3	0.00127926	10000	4000
5300	0.00293126	368.33	0.3	0.00115402	10000	4000
5400	0.00265365	375.28	0.3	0.0010431	10000	4000
5600	0.00219621	389.18	0.3	0.000861301	10000	4000
5700	0.00201117	396.13	0.3	0.000788031	10000	4000
5800	0.00184959	403.08	0.3	0.000724292	10000	4000
5900	0.00170707	410.03	0.3	0.000668374	10000	4000
6100	0.00146225	423.93	0.3	0.000573392	10000	4000
6200	0.0013551	430.88	0.3	0.00053224	10000	4000
6300	0.00125733	437.83	0.3	0.000494735	10000	4000
6400	0.00116847	444.78	0.3	0.000460498	10000	4000
6600	0.00101568	458.68	0.3	0.000400346	10000	4000
6700	0.000950348	465.63	0.3	0.00037388	10000	4000
6800	0.000891164	472.58	0.3	0.00034958	10000	4000
6900	0.000837183	479.53	0.3	0.000327274	10000	4000
7100	0.000741181	493.43	0.3	0.000287967	10000	4000
7200	0.00069805	500.38	0.3	0.000270688	10000	4000
7300	0.000657904	507.33	0.3	0.000254845	10000	4000
7400	0.000620575	514.28	0.3	0.000240331	10000	4000
7600	0.000553713	528.18	0.3	0.000214865	10000	4000
7700	0.000523848	535.13	0.3	0.000203698	10000	4000
7800	0.000496142	542.08	0.3	0.000193433	10000	4000
7900	0.000470427	549.03	0.3	0.000183962	10000	4000


5100	0.0106217	524.892	0.4	0.00420266	10000	4000
5200	0.00965857	535.184	0.4	0.00381612	10000	4000
5300	0.00878983	545.476	0.4	0.00346438	10000	4000
5400	0.0080106	555.768	0.4	0.00314809	10000	4000
5600	0.0067005	576.352	0.4	0.00262336	10000	4000
5700	0.0061559	586.644	0.4	0.00241018	10000	4000
5800	0.00567334	596.936	0.4	0.00222293	10000	4000
5900	0.00524396	607.228	0.4	0.00205623	10000	4000
6100	0.00451022	627.812	0.4	0.00176391	10000	4000
6200	0.00419368	638.104	0.4	0.00163349	10000	4000
6300	0.00390597	648.396	0.4	0.00151399	10000	4000
6400	0.00364378	658.688	0.4	0.00140601	10000	4000
6600	0.00318305	679.272	0.4	0.00122641	10000	4000
6700	0.00297986	689.564	0.4	0.00115301	10000	4000
6800	0.00279293	699.856	0.4	0.00108754	10000	4000
6900	0.00262091	710.148	0.4	0.00102765	10000	4000
7100	0.00231643	730.732	0.4	0.000915604	10000	4000
7200	0.00218175	741.024	0.4	0.000861678	10000	4000
7300	0.00205754	751.316	0.4	0.000809776	10000	4000
7400	0.00194292	761.608	0.4	0.000760489	10000	4000
7600	0.00173887	782.192	0.4	0.000672131	10000	4000
7700	0.00164764	792.484	0.4	0.000634244	10000	4000
7800	0.00156242	802.776	0.4	0.000601342	10000	4000
7900	0.0014823	813.068	0.4	0.000574016	10000	4000


5100	0.0246375	744.039	0.5	0.00974565	10000	4000
5200	0.0224781	758.629	0.5	0.00890361	10000	4000
5300	0.0205268	773.219	0.5	0.00812133	10000	4000
5400	0.0187738	787.81	0.5	0.00740773	10000	4000
5600	0.0158206	816.99	0.5	0.00621855	10000	4000
5700	0.0145887	831.581	0.5	0.00573849	10000	4000
5800	0.0134917	846.171	0.5	0.00531816	10000	4000
5900	0.0125077	860.76	0.5	0.00494413	10000	4000
6100	0.0107948	889.939	0.5	0.00428383	10000	4000
6200	0.0100406	904.528	0.5	0.00398524	10000	4000
6300	0.00934866	919.117	0.5	0.00370835	10000	4000
6400	0.00871543	933.704	0.5	0.00345423	10000	4000
6600	0.00761044	962.875	0.5	0.00301794	10000	4000
6700	0.00713015	977.458	0.5	0.00283312	10000	4000
6800	0.00669151	992.04	0.5	0.00266584	10000	4000
6900	0.0062896	1006.62	0.5	0.00251236	10000	4000
7100	0.00557679	1035.78	0.5	0.00223262	10000	4000
7200	0.00525909	1050.36	0.5	0.00210286	10000	4000
7300	0.0049645	1064.94	0.5	0.00197991	10000	4000
7400	0.00469113	1079.52	0.5	0.00186399	10000	4000
7600	0.00420052	1108.69	0.5	0.00165413	10000	4000
7700	0.00397949	1123.28	0.5	0.00156064	10000	4000
7800	0.00377214	1137.88	0.5	0.00147506	10000	4000
7900	0.00357657	1152.49	0.5	0.00139763	10000	4000


5100	0.0487038	1011.89	0.6	0.0193444	10000	4000
5200	0.0445609	1031.72	0.6	0.0176771	10000	4000
5300	0.0407949	1051.54	0.6	0.0161348	10000	4000
5400	0.0373934	1071.37	0.6	0.0147304	10000	4000
5600	0.0316296	1111.03	0.6	0.0123801	10000	4000
5700	0.0292143	1130.87	0.6	0.0114237	10000	4000
5800	0.0270578	1150.71	0.6	0.010584	10000	4000
5900	0.0251195	1170.56	0.6	0.00983766	10000	4000
6100	0.0217413	1210.24	0.6	0.00853549	10000	4000
6200	0.0202529	1230.08	0.6	0.00795463	10000	4000
6300	0.0188861	1249.92	0.6	0.00741712	10000	4000
6400	0.0176327	1269.76	0.6	0.00692128	10000	4000
6600	0.0154347	1309.44	0.6	0.00604761	10000	4000
6700	0.0144731	1329.28	0.6	0.00566501	10000	4000
6800	0.0135911	1349.12	0.6	0.00531454	10000	4000
6900	0.0127798	1368.96	0.6	0.00499313	10000	4000
7100	0.0113337	1408.64	0.6	0.00442535	10000	4000
7200	0.0106867	1428.48	0.6	0.00417374	10000	4000
7300	0.0100856	1448.32	0.6	0.00394073	10000	4000
7400	0.0095269	1468.16	0.6	0.00372417	10000	4000
7600	0.0085237	1507.85	0.6	0.00333175	10000	4000
7700	0.00807245	1527.7	0.6	0.00315158	10000	4000
7800	0.00765029	1547.56	0.6	0.00297924	10000	4000
7900	0.00725385	1567.43	0.6	0.00281257	10000	4000

5100	0.0854675	1328.44	0.7	0.0337122	10000	4000
5200	0.0783679	1354.48	0.7	0.0306329	10000	4000
5300	0.0719458	1380.52	0.7	0.0278172	10000	4000
5400	0.0661499	1406.56	0.7	0.0252909	10000	4000
5600	0.0562316	1458.65	0.7	0.0211968	10000	4000
5700	0.0520059	1484.71	0.7	0.0196004	10000	4000
5800	0.0481997	1510.78	0.7	0.0182366	10000	4000
5900	0.0447611	1536.84	0.7	0.0170509	10000	4000
6100	0.0387834	1588.95	0.7	0.0150044	10000	4000
6200	0.0361705	1614.99	0.7	0.0140821	10000	4000
6300	0.0337774	1641.03	0.7	0.013215	10000	4000
6400	0.0315822	1667.07	0.7	0.0123961	10000	4000
6600	0.0276999	1719.13	0.7	0.0108765	10000	4000
6700	0.0259808	1745.17	0.7	0.0101741	10000	4000
6800	0.0243951	1771.21	0.7	0.00951639	10000	4000
6900	0.0229326	1797.25	0.7	0.00890889	10000	4000
7100	0.0203363	1849.35	0.7	0.0078636	10000	4000
7200	0.019184	1875.41	0.7	0.00742262	10000	4000
7300	0.0181181	1901.48	0.7	0.00702541	10000	4000
7400	0.0171304	1927.54	0.7	0.00666338	10000	4000
7600	0.0153577	1979.66	0.7	0.00601048	10000	4000
7700	0.0145564	2005.71	0.7	0.00570245	10000	4000
7800	0.0138011	2031.75	0.7	0.00539523	10000	4000
7900	0.0130836	2057.78	0.7	0.00508025	10000	4000


5100	0.137491	1693.7	0.8	0.0537447	10000	4000
5200	0.126262	1726.9	0.8	0.0493469	10000	4000
5300	0.116063	1760.1	0.8	0.0453326	10000	4000
5400	0.106831	1793.3	0.8	0.0416824	10000	4000
5600	0.0910136	1859.72	0.8	0.0353957	10000	4000
5700	0.0842782	1892.94	0.8	0.0327178	10000	4000
5800	0.0782081	1926.16	0.8	0.0303212	10000	4000
5900	0.0727146	1959.38	0.8	0.0281841	10000	4000
6100	0.0631127	2025.81	0.8	0.0245985	10000	4000
6200	0.0588871	2059	0.8	0.023091	10000	4000
6300	0.0550039	2092.2	0.8	0.0217252	10000	4000
6400	0.0514347	2125.4	0.8	0.0204639	10000	4000
6600	0.0451259	2191.81	0.8	0.0181144	10000	4000
6700	0.0423383	2225.04	0.8	0.0169993	10000	4000
6800	0.0397687	2258.26	0.8	0.0159352	10000	4000
6900	0.0373974	2291.48	0.8	0.0149324	10000	4000
7100	0.0331732	2357.91	0.8	0.0131486	10000	4000
7200	0.0312897	2391.11	0.8	0.0123703	10000	4000
7300	0.0295437	2424.31	0.8	0.0116586	10000	4000
7400	0.0279241	2457.5	0.8	0.0110057	10000	4000
7600	0.0250206	2523.9	0.8	0.00984628	10000	4000
7700	0.0237149	2557.11	0.8	0.00932433	10000	4000
7800	0.022492	2590.33	0.8	0.00883071	10000	4000
7900	0.021341	2623.56	0.8	0.00835778	10000	4000


5100	0.204065	2107.61	0.9	0.0788082	10000	4000
5200	0.187639	2148.93	0.9	0.0725629	10000	4000
5300	0.172804	2190.25	0.9	0.0672476	10000	4000
5400	0.1594	2231.57	0.9	0.0625718	10000	4000
5600	0.136266	2314.24	0.9	0.0540388	10000	4000
5700	0.126283	2355.58	0.9	0.049967	10000	4000
5800	0.117226	2396.93	0.9	0.0461053	10000	4000
5900	0.109	2438.27	0.9	0.0425294	10000	4000
6100	0.0946683	2520.92	0.9	0.0365119	10000	4000
6200	0.0884126	2562.24	0.9	0.0340704	10000	4000
6300	0.0826877	2603.56	0.9	0.0319145	10000	4000
6400	0.0774379	2644.88	0.9	0.0299687	10000	4000
6600	0.0681469	2727.53	0.9	0.0264207	10000	4000
6700	0.0640211	2768.87	0.9	0.0247617	10000	4000
6800	0.0602017	2810.22	0.9	0.0231993	10000	4000
6900	0.0566597	2851.56	0.9	0.0217522	10000	4000
7100	0.0502947	2934.23	0.9	0.0192724	10000	4000
7200	0.047432	2975.55	0.9	0.0182367	10000	4000
7300	0.044767	3016.87	0.9	0.0173104	10000	4000
7400	0.042289	3058.19	0.9	0.0164718	10000	4000
7600	0.0378503	3140.81	0.9	0.0149701	10000	4000
7700	0.0358681	3182.13	0.9	0.0142635	10000	4000
7800	0.0340295	3223.45	0.9	0.0135573	10000	4000
7900	0.0323237	3264.77	0.9	0.0128299	10000	4000

5100	0.286087	2570.3	1	0.109905	10000	4000
5200	0.263415	2620.7	1	0.100739	10000	4000
5300	0.242793	2671.1	1	0.0927534	10000	4000
5400	0.224072	2721.5	1	0.0857646	10000	4000
5600	0.191728	2822.3	1	0.0740582	10000	4000
5700	0.177808	2872.7	1	0.0690747	10000	4000
5800	0.165193	2923.1	1	0.064556	10000	4000
5900	0.153736	2973.5	1	0.0604201	10000	4000
6100	0.133720	3074.3	1	0.0529821	10000	4000
6200	0.124942	3124.7	1	0.0495934	10000	4000
6300	0.116881	3175.1	1	0.0464146	10000	4000
6400	0.109464	3225.5	1	0.0434411	10000	4000
6600	0.096281	3326.3	1	0.0380912	10000	4000
6700	0.0904091	3376.7	1	0.0357023	10000	4000
6800	0.0849725	3427.1	1	0.0334936	10000	4000
6900	0.0799397	3477.5	1	0.0314571	10000	4000
7100	0.0709603	3578.3	1	0.0278673	10000	4000
7200	0.066959	3628.7	1	0.0262916	10000	4000
7300	0.0632521	3679.1	1	0.0248435	10000	4000
7400	0.0598164	3729.5	1	0.0235084	10000	4000
7600	0.0536667	3830.3	1	0.0211205	10000	4000
7700	0.0509064	3880.7	1	0.0200389	10000	4000
7800	0.0483251	3931.1	1	0.0190132	10000	4000
7900	0.0458996	3981.5	1	0.0180291	10000	4000





