#  Dijet Resonance Cross Section for sqrt{s}=13 TeV, |eta|<2.5, |delta eta|<1.1
#   (GeV)    (pb)         (pb)        (pb)        (pb)        (pb)        (pb)
   Mass      q*       Axigluon    E6Diquark      Z'          W'       RSGraviton
  1000.0  0.3605E+03  0.1587E+03  0.5111E+02  0.4316E+01  0.7563E+01  0.7515E+01
  1100.0  0.2300E+03  0.1059E+03  0.3726E+02  0.2913E+01  0.5163E+01  0.4563E+01
  1200.0  0.1509E+03  0.7257E+02  0.2779E+02  0.2016E+01  0.3611E+01  0.2871E+01
  1300.0  0.1014E+03  0.5082E+02  0.2112E+02  0.1424E+01  0.2577E+01  0.1861E+01
  1400.0  0.6951E+02  0.3624E+02  0.1631E+02  0.1023E+01  0.1870E+01  0.1237E+01
  1500.0  0.4852E+02  0.2626E+02  0.1276E+02  0.7468E+00  0.1377E+01  0.8406E+00
  1600.0  0.3439E+02  0.1931E+02  0.1009E+02  0.5518E+00  0.1027E+01  0.5822E+00
  1700.0  0.2472E+02  0.1437E+02  0.8065E+01  0.4125E+00  0.7736E+00  0.4102E+00
  1800.0  0.1798E+02  0.1080E+02  0.6496E+01  0.3112E+00  0.5882E+00  0.2932E+00
  1900.0  0.1322E+02  0.8192E+01  0.5270E+01  0.2369E+00  0.4509E+00  0.2125E+00
  2000.0  0.9812E+01  0.6260E+01  0.4301E+01  0.1816E+00  0.3479E+00  0.1557E+00
  2100.0  0.7345E+01  0.4826E+01  0.3529E+01  0.1402E+00  0.2701E+00  0.1153E+00
  2200.0  0.5540E+01  0.3742E+01  0.2909E+01  0.1089E+00  0.2108E+00  0.8616E-01
  2300.0  0.4209E+01  0.2918E+01  0.2408E+01  0.8497E-01  0.1653E+00  0.6494E-01
  2400.0  0.3217E+01  0.2286E+01  0.2000E+01  0.6663E-01  0.1301E+00  0.4930E-01
  2500.0  0.2473E+01  0.1799E+01  0.1666E+01  0.5247E-01  0.1027E+00  0.3768E-01
  2600.0  0.1910E+01  0.1418E+01  0.1392E+01  0.4147E-01  0.8137E-01  0.2897E-01
  2700.0  0.1483E+01  0.1122E+01  0.1165E+01  0.3290E-01  0.6462E-01  0.2239E-01
  2800.0  0.1156E+01  0.8905E+00  0.9777E+00  0.2617E-01  0.5143E-01  0.1740E-01
  2900.0  0.9048E+00  0.7087E+00  0.8217E+00  0.2088E-01  0.4100E-01  0.1357E-01
  3000.0  0.7106E+00  0.5654E+00  0.6917E+00  0.1670E-01  0.3274E-01  0.1063E-01
  3100.0  0.5599E+00  0.4529E+00  0.5830E+00  0.1338E-01  0.2617E-01  0.8356E-02
  3200.0  0.4425E+00  0.3635E+00  0.4919E+00  0.1075E-01  0.2094E-01  0.6590E-02
  3300.0  0.3507E+00  0.2923E+00  0.4154E+00  0.8644E-02  0.1677E-01  0.5212E-02
  3400.0  0.2786E+00  0.2354E+00  0.3511E+00  0.6965E-02  0.1344E-01  0.4133E-02
  3500.0  0.2219E+00  0.1899E+00  0.2969E+00  0.5621E-02  0.1077E-01  0.3286E-02
  3600.0  0.1770E+00  0.1533E+00  0.2512E+00  0.4540E-02  0.8634E-02  0.2617E-02
  3700.0  0.1415E+00  0.1239E+00  0.2126E+00  0.3671E-02  0.6921E-02  0.2088E-02
  3800.0  0.1133E+00  0.1003E+00  0.1799E+00  0.2971E-02  0.5546E-02  0.1668E-02
  3900.0  0.9085E-01  0.8116E-01  0.1523E+00  0.2406E-02  0.4443E-02  0.1335E-02
  4000.0  0.7296E-01  0.6575E-01  0.1289E+00  0.1950E-02  0.3557E-02  0.1070E-02
  4100.0  0.5866E-01  0.5320E-01  0.1091E+00  0.1581E-02  0.2846E-02  0.8581E-03
  4200.0  0.4721E-01  0.4306E-01  0.9235E-01  0.1282E-02  0.2276E-02  0.6888E-03
  4300.0  0.3804E-01  0.3485E-01  0.7812E-01  0.1040E-02  0.1818E-02  0.5533E-03
  4400.0  0.3067E-01  0.2822E-01  0.6605E-01  0.8439E-03  0.1450E-02  0.4447E-03
  4500.0  0.2475E-01  0.2285E-01  0.5582E-01  0.6846E-03  0.1156E-02  0.3576E-03
  4600.0  0.1999E-01  0.1852E-01  0.4715E-01  0.5552E-03  0.9199E-03  0.2876E-03
  4700.0  0.1615E-01  0.1502E-01  0.3980E-01  0.4501E-03  0.7311E-03  0.2313E-03
  4800.0  0.1305E-01  0.1217E-01  0.3357E-01  0.3647E-03  0.5801E-03  0.1860E-03
  4900.0  0.1055E-01  0.9853E-02  0.2829E-01  0.2954E-03  0.4596E-03  0.1496E-03
  5000.0  0.8531E-02  0.7974E-02  0.2381E-01  0.2391E-03  0.3634E-03  0.1202E-03
  5100.0  0.6899E-02  0.6449E-02  0.2003E-01  0.1933E-03  0.2869E-03  0.9657E-04
  5200.0  0.5580E-02  0.5211E-02  0.1683E-01  0.1562E-03  0.2260E-03  0.7754E-04
  5300.0  0.4513E-02  0.4206E-02  0.1412E-01  0.1261E-03  0.1777E-03  0.6221E-04
  5400.0  0.3650E-02  0.3392E-02  0.1184E-01  0.1016E-03  0.1394E-03  0.4987E-04
  5500.0  0.2951E-02  0.2732E-02  0.9912E-02  0.8184E-04  0.1091E-03  0.3994E-04
  5600.0  0.2386E-02  0.2197E-02  0.8286E-02  0.6579E-04  0.8518E-04  0.3194E-04
  5700.0  0.1928E-02  0.1764E-02  0.6916E-02  0.5281E-04  0.6636E-04  0.2551E-04
  5800.0  0.1558E-02  0.1414E-02  0.5765E-02  0.4232E-04  0.5156E-04  0.2035E-04
  5900.0  0.1258E-02  0.1132E-02  0.4797E-02  0.3385E-04  0.3995E-04  0.1621E-04
  6000.0  0.1015E-02  0.9043E-03  0.3985E-02  0.2702E-04  0.3089E-04  0.1289E-04
  6100.0  0.8189E-03  0.7221E-03  0.3304E-02  0.2153E-04  0.2381E-04  0.1023E-04
  6200.0  0.6602E-03  0.5755E-03  0.2735E-02  0.1711E-04  0.1830E-04  0.8102E-05
  6300.0  0.5319E-03  0.4576E-03  0.2260E-02  0.1357E-04  0.1403E-04  0.6404E-05
  6400.0  0.4283E-03  0.3629E-03  0.1863E-02  0.1074E-04  0.1073E-04  0.5050E-05
  6500.0  0.3446E-03  0.2872E-03  0.1533E-02  0.8474E-05  0.8179E-05  0.3974E-05
  6600.0  0.2770E-03  0.2262E-03  0.1258E-02  0.6668E-05  0.6218E-05  0.3118E-05
  6700.0  0.2225E-03  0.1777E-03  0.1030E-02  0.5232E-05  0.4714E-05  0.2440E-05
  6800.0  0.1786E-03  0.1392E-03  0.8416E-03  0.4094E-05  0.3565E-05  0.1905E-05
  6900.0  0.1432E-03  0.1087E-03  0.6858E-03  0.3192E-05  0.2688E-05  0.1482E-05
  7000.0  0.1147E-03  0.8461E-04  0.5574E-03  0.2481E-05  0.2022E-05  0.1150E-05
  7100.0  0.9181E-04  0.6575E-04  0.4518E-03  0.1922E-05  0.1518E-05  0.8890E-06
  7200.0  0.7342E-04  0.5091E-04  0.3651E-03  0.1484E-05  0.1137E-05  0.6851E-06
  7300.0  0.5865E-04  0.3928E-04  0.2942E-03  0.1141E-05  0.8496E-06  0.5261E-06
  7400.0  0.4682E-04  0.3020E-04  0.2364E-03  0.8745E-06  0.6340E-06  0.4027E-06
  7500.0  0.3734E-04  0.2313E-04  0.1893E-03  0.6676E-06  0.4725E-06  0.3070E-06
  7600.0  0.2975E-04  0.1761E-04  0.1510E-03  0.5074E-06  0.3514E-06  0.2331E-06
  7700.0  0.2368E-04  0.1336E-04  0.1201E-03  0.3843E-06  0.2614E-06  0.1764E-06
  7800.0  0.1883E-04  0.1010E-04  0.9515E-04  0.2898E-06  0.1943E-06  0.1329E-06
  7900.0  0.1497E-04  0.7598E-05  0.7509E-04  0.2176E-06  0.1443E-06  0.9972E-07
  8000.0  0.1188E-04  0.5695E-05  0.5903E-04  0.1628E-06  0.1073E-06  0.7453E-07
  8100.0  0.9432E-05  0.4250E-05  0.4621E-04  0.1212E-06  0.7979E-07  0.5548E-07
  8200.0  0.7480E-05  0.3160E-05  0.3602E-04  0.8992E-07  0.5941E-07  0.4113E-07
  8300.0  0.5930E-05  0.2339E-05  0.2795E-04  0.6642E-07  0.4428E-07  0.3037E-07
  8400.0  0.4699E-05  0.1725E-05  0.2158E-04  0.4886E-07  0.3304E-07  0.2233E-07
  8500.0  0.3722E-05  0.1267E-05  0.1658E-04  0.3581E-07  0.2471E-07  0.1636E-07
  8600.0  0.2948E-05  0.9269E-06  0.1268E-04  0.2613E-07  0.1849E-07  0.1193E-07
  8700.0  0.2335E-05  0.6761E-06  0.9639E-05  0.1902E-07  0.1387E-07  0.8680E-08
  8800.0  0.1849E-05  0.4914E-06  0.7287E-05  0.1379E-07  0.1042E-07  0.6290E-08
  8900.0  0.1465E-05  0.3559E-06  0.5475E-05  0.9959E-08  0.7832E-08  0.4541E-08
  9000.0  0.1161E-05  0.2572E-06  0.4088E-05  0.7181E-08  0.5897E-08  0.3271E-08
